 node/Joint | Model Displacement Multiplier 
------------+-------------------------------
         25 |                             1
         24 |                      0.915505
         23 |                      0.832485
         22 |                      0.751225
         21 |                      0.673343
         20 |                      0.599029
         19 |                      0.529568
         18 |                      0.467862
         17 |                      0.409772
         16 |                      0.355583
         15 |                      0.305676
         14 |                       0.25967
         13 |                      0.217993
         12 |                      0.182359
         11 |                      0.149864
         10 |                      0.120605
          9 |                      0.094391
          8 |                      0.071602
          7 |                      0.051953
          6 |                      0.035967
          5 |                      0.022932
          4 |                      0.012846
          3 |                      0.005709
          2 |                      0.001427
          1 |                             0
(25 rows)

